8
1 50 100 200 42 500 13 99
-2.548333
-2.151567
-2.023377
-2.220631
2.948592
2.511261
3.601257
0.732736
-2.513840
-1.127635
-0.897494
1.141396
-0.344207
0.106278
0.507377
-0.554176
0.678668
-0.986072
-0.333350
-2.602061
-0.472893
-0.726915
0.272000
-0.988117
-0.327917
-1.586011
1.931752
-0.869332
-0.344634
-2.194474
-0.252065
-1.392305
-2.508258
0.482423
2.202465
-0.785737
-2.296716
0.434289
-0.084140
0.552289
-2.210772
0.638728
-2.331590
-2.654603
-0.530236
-0.266512
-1.748627
-1.324377
-2.378909
-0.931073
-0.361840
-1.150371
-0.916477
-0.147097
0.401612
1.904145
0.215088
-1.477979
-2.122112
-0.480632
-1.273559
-2.367554
-1.603434
-0.947012
-0.510745
-0.861576
0.372816
-1.800776
0.536784
-0.446123
-1.695704
-0.622741
-1.549703
-0.735458
-2.208789
-1.825068
-1.803803
-2.692282
-2.550306
0.805041
-2.071574
-0.503751
-1.039643
-0.670215
0.203744
-0.266332
-2.572745
-0.146216
-2.554376
-1.869096
1.668216
-0.099954
-2.538327
-0.106965
-2.432909
0.078161
-0.064757
-1.234703
-1.469646
-0.821795
0.694413
-1.605525
-2.255702
-2.281865
-2.308879
-0.327056
0.656134
-2.677083
-1.299280
1.085219
0.897600
-2.536790
-0.589081
-1.291590
0.410541
-0.801751
-2.491176
-2.527295
0.807196
-1.044758
-2.386385
-2.211657
-2.202795
-2.131948
-1.310221
-0.452074
2.534819
0.140582
-2.005550
-2.625007
1.968181
-2.352997
-0.167946
-2.177315
-0.136333
3.839980
-2.030262
-0.559504
-2.620508
-0.395041
-0.093598
-0.956428
-0.964953
-0.616459
2.176184
-1.926088
1.425088
-1.433198
0.894891
-0.320337
-2.283312
-2.557452
-2.005875
-0.149104
-0.992957
-0.133107
-2.463400
0.232037
-0.298059
-2.529887
-2.100781
-2.191601
-2.139163
1.122705
-1.516452
-2.323385
0.696488
-0.616861
-2.505571
-2.231586
-0.234539
2.087623
0.694183
1.259256
-0.420406
-2.354645
-0.629436
-2.517066
0.116159
-2.509001
-1.525326
-1.701845
-1.041841
3.555193
-1.159803
-2.362040
-2.371259
-2.013639
1.921567
-0.254051
-0.363462
-2.330927
-2.817123
0.014558
0.261999
0.564941
-1.166653
-2.371356
-2.511668
-2.084452
-1.610760
-0.354876
-1.921442
0.104447
0.399819
-2.446932
-2.090469
0.941711
-2.563188
-1.962198
-1.432590
0.191541
1.416536
-2.328807
-1.314946
0.126144
-0.350125
0.562992
-2.599339
1.161440
-2.371901
-1.811680
-0.897051
-1.326263
-1.209737
-0.302252
-0.408254
-2.128570
-2.227878
0.281330
-0.845915
-0.033694
-2.067416
-1.327538
-0.861791
-0.574752
-1.820152
-2.335976
0.525356
-2.615884
-2.560735
-0.978384
-0.691882
-2.123460
-2.186230
-0.464231
-0.771223
0.534699
0.442832
-1.157383
-0.428496
-1.804877
-0.376735
-1.278751
-1.155707
-2.877650
0.372383
-1.041974
2.831335
1.023073
-2.329127
0.429656
0.149833
1.357967
-0.824357
-0.572431
0.362390
0.063746
1.938262
-2.738088
-0.569961
-2.261801
-2.350304
0.432299
-2.262162
-2.326533
1.389859
-1.935625
1.175221
-0.931486
-0.598420
0.454289
-0.629804
1.690333
-1.620525
-1.351059
-2.140094
2.911278
-2.541387
-2.277432
-0.915768
0.326177
-1.402431
-2.377503
2.367676
0.444580
-0.104019
1.779329
1.767304
-1.102800
-0.697310
0.245855
-2.261033
-2.581570
-0.774853
-2.143270
-2.369662
-0.367263
-2.345568
-0.243526
0.890559
-2.553539
-1.483328
-1.558594
0.174114
-2.355817
1.245504
-1.195844
-2.428065
-2.541931
-0.061664
-0.415943
-0.461167
2.128764
0.497261
0.195407
-2.433064
-2.340058
-0.318964
-1.892208
-1.893579
0.278361
-2.081823
-2.613822
-1.833792
-0.587499
-0.568232
-2.198841
-2.393728
-1.123100
0.898284
0.764325
-2.377208
0.510928
-2.267827
-2.402098
-0.583680
-2.055567
-2.626975
-0.736826
-1.368682
1.795062
-2.130979
-0.330269
-2.125598
-2.304308
1.339264
2.184752
0.421996
1.137808
-0.758374
0.516790
-2.218163
-0.093055
-0.445412
-2.127174
-0.957693
-0.775391
1.652000
-2.113685
1.414174
-1.515970
-2.549582
-0.076322
-2.688194
-2.739326
-2.344509
-1.970732
-2.349703
-1.939382
0.938059
0.422812
1.422461
0.008091
-0.688183
-2.602757
2.292480
0.277476
0.608793
-2.210849
0.703112
-2.065580
-1.548901
-0.751891
1.145316
-0.710650
-1.202810
-2.529444
-2.170407
-0.837619
1.843224
-2.597418
-0.101419
-1.768687
-0.371545
-0.688374
-1.999405
-0.724750
0.633342
-2.731503
-0.820194
-0.631144
-2.318615
-1.928152
1.982149
-1.591078
-2.266781
-0.926463
-0.385093
-3.240008
-0.257653
-0.779726
-2.265042
-2.452728
1.548255
-0.858846
-2.141564
0.315738
-2.172127
-0.892575
-2.309905
-1.396295
-0.670416
-2.374535
-2.459440
-2.612384
0.683236
0.540179
-1.278756
-1.146423
-0.740312
2.099819
-2.178713
-0.206891
-2.298054
-2.295183
-0.931711
-2.854882
-0.841829
-0.818545
-2.138104
-0.199214
-0.957561
-2.152769
-0.070815
-2.374130
-0.326798
-2.114172
-1.749971
-2.610212
1.491854
-2.796591
-0.421497
0.735513
-0.283742
-1.169682
0.131181
-0.092189
-0.460799
-2.395691
-0.401295
-1.794188
-1.487079
-0.099434
-2.502282
-2.279311
-0.031239
-1.806676
-3.057690
-0.946227
0.128508
-1.154850
1.243281
-0.329250
1.417024
-2.271709
0.170051
-0.693129
-0.300638
-1.109423
-2.337717
-2.015025
-0.745297
-0.735701
0.092476
1.540336
-2.676142
-0.574240
-2.438217
-2.165916
1.447387
-2.013258
-2.267579
-0.746692
-2.527029
-1.788264
-2.466811
1.015840
1.108018
0.291920
4.803083
0.749365
1.013659
-2.489889
-1.291074
-0.092181
-2.287643
-2.355704
-1.366753
-1.463103
-2.319245
-0.945821
-0.499110
0.924447
-0.042380
-0.061977
-2.120914
-0.622623
0.802809
-2.221036
0.773179
0.473897
0.221423
-0.563927
-2.310225
-2.288149
-0.457977
-1.084397
-2.407278
-0.026097
-0.828600
-2.564400
-2.360205
0.992459
-2.224625
-0.959790
0.420369
-0.031783
-0.462712
-2.174021
1.354790
-0.733339
-0.381723
2.426265
-0.654084
-2.249849
-2.483172
-0.662263
0.064996
-2.114309
-1.034301
-2.360545
-2.539308
-2.236139
1.008861
-0.698741
-1.060755
-2.348224
-2.165404
1.441745
-1.968327
-2.751198
-1.501602
-2.370764
-0.035597
1.708432
-1.805349
0.247986
-0.314267
-1.930002
1.098590
-1.997599
-0.994448
-2.228903
-2.519246
-0.704706
-2.699511
0.675556
2.167284
-2.618387
-0.712560
-2.396051
-2.419624
-0.081623
-2.130960
0.642869
1.234299
-0.080177
-2.206455
-2.536724
-2.168345
-0.554788
-3.531732
-2.033272
-0.088410
-0.857010
-1.871532
-2.456948
1.328321
-2.323710
1.450628
0.325603
0.179041
0.620356
-2.299684
-1.335165
-1.027446
0.768318
-2.356272
1.502342
0.338233
1.728649
1.931598
-0.716079
-2.746563
-0.419199
1.678062
-1.806663
-2.595584
0.115236
1.189200
-0.795931
0.253315
-2.294499
-2.066784
1.158519
1.670142
-2.637072
-2.521099
-1.046430
-2.185995
0.857944
-0.297250
1.469357
-2.415133
-2.546941
-1.043985
-2.586382
-0.449918
-0.695966
-0.334309
3.281227
-2.475333
-1.861366
-0.137866
1.712100
-1.506350
-1.014114
-2.307423
0.399445
-2.065168
0.113873
-2.349342
-0.769539
0.354890
0.862580
0.420488
-0.702807
-2.736049
2.048155
-2.450975
0.745999
-2.464260
1.454264
-2.418141
-1.922624
0.190960
-0.686249
-1.743057
-0.725413
-1.044602
2.322236
0.815679
-2.646823
-2.041809
-0.259457
-2.102243
-0.760677
-2.132919
-2.519648
-0.627522
-0.950591
-0.795271
-2.290595
-2.294758
-2.448385
3.260756
1.023310
0.426123
-2.349597
-0.948125
1.320624
-1.851661
-2.518733
-2.396240
0.931400
3.290707
-1.051045
-0.870240
-0.925310
-2.352900
-1.690681
0.125764
1.943701
-0.880353
-1.075824
-2.157688
0.123461
-0.026007
0.074149
-0.435396
-2.474051
-1.558160
-1.601959
-2.481191
-1.942496
-2.151347
-2.306619
-0.357439
-1.740471
2.085876
-1.896590
-0.586247
-2.487165
-0.347839
1.292960
1.232711
-2.727935
-1.898664
-0.806803
-0.081474
-2.061607
-1.285541
-0.626857
-1.916909
1.398118
-2.239019
-2.204522
-0.302859
-2.219937
0.088515
-1.854864
-1.967659
1.089317
-1.946530
-1.882068
-0.963045
-1.385615
-1.465262
-0.519079
-2.287123
-1.649923
-0.520578
1.683198
0.157313
-0.691378
-2.508013
-1.567150
0.906111
-0.423834
1.263630
0.449972
-2.424120
-1.952004
-1.983838
-2.592098
-1.460208
-0.431949
-2.543509
2.863205
-2.087749
-0.001519
-0.076426
-0.908090
-0.764035
-2.388893
-2.113130
0.096459
2.083036
0.509458
-0.784017
0.074937
2.700656
-2.500987
0.795740
0.226898
0.668662
-2.600462
-2.315542
-2.428293
0.900414
-2.145573
-2.697931
-1.149445
-0.771616
-1.167004
-0.914473
-1.180981
1.231736
1.295174
0.351418
-2.264780
-0.238318
-2.123421
-0.981263
-0.127773
-0.160443
-0.591516
-2.320696
-1.133004
-1.005280
4.746679
-1.903680
-0.818873
-0.034583
-0.803758
-2.417943
1.767358
-2.090899
-2.189517
1.720199
2.525624
0.693412
-0.300109
-0.495833
0.054259
2.025606
-0.234265
-2.590294
0.448505
-2.735208
-2.324433
-2.283196
-0.859159
-0.382916
-0.109504
-2.202474
-2.140653
-2.205005
-0.524610
-1.889339
-0.511378
-0.018210
1.453304
-1.422095
1.602150
-2.367780
-0.176481
-2.354225
-2.488943
0.025360
-0.955753
-2.413652
-0.637054
-0.929404
0.754658
-1.154643
-0.293462
-1.101433
-1.074665
-2.302627
0.507535
1.941778
0.221671
-2.135121
-2.281064
-0.701140
-2.233674
-0.283837
-0.174287
-0.330291
-2.061942
-1.470197
-2.268600
-2.378647
-2.380914
0.158343
-1.940981
-1.077629
0.048337
-1.321739
-0.362388
3.255731
1.357600
-2.699530
-2.146359
-1.429514
0.568630
-1.634593
-1.268119
-2.819720
-0.751749
-2.352474
1.061478
-2.579199
1.080608
-2.119970
0.455926
-0.283953
1.567951
0.086051
-2.051005
-1.297127
-0.458304
-2.342733
0.606691
-0.896763
-2.115725
-1.533382
0.049038
0.311667
-0.485687
-2.314499
1.867187
-1.061797
-0.757813
-1.950351
-2.146322
-1.382125
-2.507761
1.396536
-2.146754
-1.472797
-2.084884
-2.870041
-0.669932
-0.849072
-1.980265
-2.597386
-2.541912
-2.281451
-2.630275
-0.426697
0.204462
0.046382
-2.477347
-1.246250
-1.853998
0.166568
-1.290027
-0.941764
-2.371057
-1.035201
-2.463733
-2.480350
-2.456610
0.620174
-1.869100
-2.064274
-1.084398
-0.145190
-0.416952
-0.391098
0.061708
-1.154706
-0.637019
-0.240814
-0.365543
-0.180185
-0.339302
-2.131166
-1.173535
-1.959249
-2.742863
-1.163921
-0.559633
-2.579336
-0.065329
-0.019864
-1.604162
-2.326419
-0.074587
-2.425986
-2.497892
2.678480
-2.046791
-0.989479
1.436369
-0.470507
-1.879900
-2.788370
1.844551
-2.224639
-2.492926
-1.607197
-2.389823
-2.133234
-2.545683
-2.357391
-1.790960
-2.305596
-2.247720
-2.520566
-2.474507
-2.267722
-2.125602
-2.522074
-1.538248
-2.693931
0.165274
-0.359361
-1.357754
-1.535790
-1.026721
-0.673081
-0.832456
1.264082
-2.210895
-2.211515
-1.864723
0.926791
-1.543728
-1.188771
-1.463780
2.273265
-0.873186
-2.438126
-1.342888
2.332595
-0.709377
0.068853
1.645985
-1.905437
0.898926
-1.263319
-0.783404
-2.296184
-2.228829
-0.542862
-2.277939
-0.335458
-0.335185
-2.167364
-2.659710
-2.291856
-3.336091
-0.393455
-0.894029
-2.304749
-1.083523
-1.265574
-2.149389
-2.687683
-0.812660
-2.328462
-1.019511
-1.596160
-2.545506
-0.960608
-0.770562
-2.602544
-0.491375
-1.937636
-0.980847
-1.231596
-1.166691
-0.183484
-2.561998
-2.170969
-1.481832
-2.384097
0.769343
0.415056
-1.455616
0.272412
-0.241611
-1.017367
-0.926921
-1.246683
-1.906924
-0.637520
-0.756786
-0.466500
-1.369822
-0.526201
-2.586235
-2.106676
-2.055984
-2.447543
-1.062591
-0.078267
-1.427762
-2.561110
-2.465508
-1.153415
-2.645530
-2.597478
-0.965664
-1.278513
-2.268261
-2.163882
-2.084716
-2.194594
-2.446692
0.295890
0.387628
0.756054
-0.762207
-1.599319
-1.546105
-2.067436
-0.630496
-1.443807
-0.351711
-1.776438
-0.879731
-0.284413
0.339025
-2.578781
-0.577370
-0.958099
0.904136
-3.082106
-1.969712
-2.705266
0.165540
-2.321898
2.023553
-2.250093
-2.353358
-1.427241
-1.230582
-1.429504
-2.482105
-0.807544
-2.767864
-2.518187
-2.454733
-2.432174
-2.476843
-2.216953
-1.346866
-1.910002
-2.075426
-0.163100
0.232650
-2.057943
0.477682
1.281135
-2.851593
-1.335873
-1.829893
-1.932892
-3.528213
-2.263285
-3.287835
-2.484722
-2.471719
-2.217870
0.033121
-1.118995
0.705117
-1.685192
-1.799339
-2.359403
2.372149
-1.775283
0.024385
-2.777747
-2.568107
-1.397548
-0.705136
-2.447182
-0.901745
-1.422483
-1.614172
-1.030022
-2.612770
-2.173570
-0.870219
-2.037653
-2.829477
-2.190046
-0.672960
-2.352616
-0.449985
0.912312
-0.058357
-2.190814
-0.355365
-2.195436
-2.189666
-2.173872
-2.108115
-2.115646
-0.025855
-2.522438
-1.108733
-2.264361
-1.251219
-0.106937
-2.993927
-2.704039
-2.153173
-1.140692
-2.606794
1.242390
0.588561
-2.051962
0.555580
-2.587063
-2.496876
-1.234485
-2.430599
-1.063527
-1.971639
-2.173617
-1.871349
-1.944892
0.532402
-2.035881
-2.482062
0.347413
-2.295957
-2.352556
-2.149154
-2.470603
-2.306888
-2.553282
-2.031608
-0.902665
-1.204130
-1.158381
-2.445836
-2.047868
0.306510
-0.199637
-0.820962
-2.371824
-2.533042
0.139961
0.680170
0.177950
-2.469574
-1.257759
-1.836245
1.262411
-0.761477
0.112622
-2.578236
-1.702580
0.410031
-2.239096
-1.754702
-1.870543
-2.474534
-2.340333
-2.442840
-1.998387
-0.121821
-0.429944
-2.803406
-1.990304
-1.830149
0.551065
-0.723195
-0.706020
-2.514081
-2.293074
-2.102085
-0.477416
-1.953236
-1.420542
-2.579060
-2.110157
-0.791403
-1.290426
-2.312077
-2.103617
-2.439196
-2.357921
-1.337088
0.693029
1.819284
-2.783149
-1.878552
-2.613414
-1.929288
1.164018
-2.157567
-2.279472
-1.469489
1.207445
-2.291260
-0.719621
-1.192559
-1.122669
0.052461
-1.522763
-2.047157
-2.478242
-2.525036
-1.042859
-1.471095
-1.536588
-2.615563
-0.798765
1.145943
-2.412246
0.023391
-1.580343
-1.704749
-0.840045
-0.078424
-2.273919
-2.303794
-1.009479
-2.197445
-2.250871
-2.500764
-2.257723
-1.494435
0.406841
-0.523601
-3.144510
-0.997787
-0.908551
-0.779335
-0.799087
-2.241371
-2.429785
-2.409466
-1.571377
-2.281264
-1.061308
-0.150758
-2.428162
-0.052332
-2.271129
-2.760478
-2.436170
-2.277391
-2.261788
-0.412140
-0.788499
-3.698048
-1.913744
0.363779
0.303478
-2.460469
-2.537285
-2.280731
-1.464013
-1.979642
-1.473392
-1.318754
-1.431114
-1.150228
0.430123
0.267695
-2.411798
0.192941
-2.098486
0.879055
-1.063972
-1.480262
-1.150030
-2.179683
0.245021
-1.882242
0.621265
-2.819488
0.141589
-2.377868
-2.074056
-2.360990
-0.262439
-0.511335
-2.002485
-1.619204
-2.312394
-0.875478
-2.234627
-1.819616
0.881855
-1.228494
-2.137291
-2.110383
-2.692317
-0.935169
-2.671552
-2.128232
-2.079312
-0.062516
-1.733366
-1.758109
-1.991437
0.207021
-2.002890
-0.798491
-0.017403
-2.740085
-0.672388
-1.076740
2.588473
-0.931687
-1.942332
0.099217
-0.456114
2.232350
0.958639
0.612446
-0.591734
-0.867075
-0.376808
-0.332250
-2.075956
-1.071804
1.537803
-0.017620
-2.063467
-0.866886
-1.610808
-2.191929
-0.097706
-0.060094
-0.177793
0.833795
-2.028063
-0.869942
-0.452213
-2.014208
-2.341181
-2.378257
-2.484409
-1.091862
-0.419404
-3.427932
-2.015398
-2.196193
-1.534885
-1.845850
-0.877642
-1.395929
-0.867515
-2.290725
-0.775861
-0.976024
1.869350
-2.706699
-2.265816
-1.834525
-2.606143
-0.806780
-1.865378
-2.180170
-2.653403
0.898125
-2.296996
-2.530178
-2.234019
-1.797526
0.137787
-0.462690
-0.271336
-2.363681
-2.806724
-0.114670
-2.450968
-0.645349
-0.686854
-2.390490
-0.172152
-3.477070
-1.487107
-0.118985
-0.113097
-2.270734
-1.545911
-1.182776
-1.042099
-2.077090
-1.635645
-2.497255
1.760992
-0.912388
-1.831720
-2.654150
-0.195115
-0.083493
0.836700
-0.589234
-2.830998
-1.193919
-1.658394
-0.478469
-0.949057
-2.253175
-2.085233
-2.756246
-0.563528
-1.387838
-2.387444
-1.983661
-3.159794
-2.574677
-1.001664
-1.331173
-2.426068
-2.011268
-0.979273
-2.466266
-1.851416
-2.045653
-1.427915
-2.549751
-0.445858
-1.203911
-2.474903
-2.410472
-2.207829
-3.229366
-2.337231
-1.071870
0.994565
-0.636964
-0.375099
-2.375949
0.830586
-1.864310
-1.652569
-1.087687
0.241972
-0.324478
-0.568973
-1.158006
-2.448136
-2.249681
-2.619016
-1.198899
-1.498622
-2.499156
-0.090390
-1.848341
-0.621913
-2.276261
-2.351447
-2.532691
-0.277074
-1.100240
-2.860249
-0.787376
-0.095289
-2.168896
-2.455213
-0.870537
-2.266938
-0.812770
-2.108877
-1.299783
-0.494642
0.103662
-2.382613
-1.543798
-1.951902
-2.005156
-2.123475
-0.963751
3.273819
-2.383113
-0.111014
-0.880234
-2.755493
-0.336810
-2.698053
-1.194272
-2.270528
-2.280617
-0.899149
-2.567310
-0.283524
-2.344441
-2.025169
-2.443315
-2.086113
-2.641757
1.331253
-1.298901
0.297003
-0.683720
-1.910653
-2.194996
-0.960605
-2.740862
-0.509003
-0.904164
-1.230317
-0.179605
-1.775710
-1.253034
-1.171827
-2.619343
-2.568348
-2.203675
-2.264779
-2.003351
-1.664363
-0.820661
-0.619661
-1.729852
2.115975
-1.848313
-2.159506
-2.547947
-2.372857
-0.491177
0.965083
-0.986032
-0.611571
0.010509
-1.131542
-0.195392
-2.097068
-1.491454
-2.425009
-2.164664
-1.536849
-2.777433
-2.664511
-2.138579
0.103923
-2.360270
-2.433367
-0.325519
0.551352
-1.911908
-1.886805
-0.766047
1.198149
-0.042254
-2.372469
1.061110
-1.084527
-2.713871
-1.996853
-1.514059
-0.407264
-0.516436
1.379549
-2.225856
-2.112853
-2.478239
-2.440434
-1.554297
-0.930211
-0.598355
-1.078590
-2.134567
-2.397688
-2.344739
-1.125167
-1.572425
0.831998
-2.544293
0.861110
-1.021795
-2.945765
-2.050632
-2.355998
-2.670511
-2.432410
-2.437459
-2.237590
-2.119706
-2.368179
-2.160210
-2.187062
-2.398348
-2.211175
-2.313047
-2.247799
-2.112932
-2.575094
-2.413169
-2.198652
-2.332104
-2.289946
-2.225677
-2.472987
-2.208454
-2.669680
-2.416312
-2.426159
-2.309343
-2.587246
-2.715269
-2.426649
-2.221721
-2.471332
-2.369679
-2.305310
-2.298096
-2.188203
-2.414019
-2.288934
-2.276725
-2.321881
-2.701021
-2.104155
-2.201851
-2.540009
-2.273430
-2.512577
-2.135782
-2.414817
-2.500345
-2.255363
-2.246024
-2.478783
-2.541549
-2.587847
-2.069278
-2.148551
-2.452758
-2.234384
-2.362284
-2.435822
-2.460913
-2.173790
-2.167813
-2.389471
-2.429392
-2.529552
-2.694824
-2.508408
-2.133748
-2.199371
